"year","artist_name_1","album_name","V1","V2","V3","V4"
1970,"The Last Poets","Right On!",0.217741935483871,0.217741935483871,0.266129032258065,0.298387096774194
1971,"Kain","The Blue Guerrilla",0.219298245614035,0.271929824561404,0.236842105263158,0.271929824561404
1972,"The Last Poets","Chastisement",0.1953125,0.2109375,0.3046875,0.2890625
1976,"The Last Poets","Jazzoetry",0.207142857142857,0.207142857142857,0.278571428571429,0.307142857142857
1976,"The Last Poets","At Last",0.2109375,0.2109375,0.2890625,0.2890625
1977,"The Last Poets","Delights of the Garden",0.2109375,0.2109375,0.2890625,0.2890625
1980,"The Sugarhill Gang","The Sugarhill Gang",0.198529411764706,0.419117647058824,0.183823529411765,0.198529411764706
1980,"Kurtis Blow","Kurtis Blow",0.301724137931034,0.25,0.21551724137931,0.232758620689655
1980,"Blowfly","Blowfly's Party [X-Rated]",0.325,0.225,0.208333333333333,0.241666666666667
1981,"Kurtis Blow","Deuce",0.281818181818182,0.263636363636364,0.227272727272727,0.227272727272727
1982,"Grandmaster Flash","The Message",0.214285714285714,0.198412698412698,0.277777777777778,0.30952380952381
1982,"The Sugarhill Gang","8th Wonder",0.258333333333333,0.325,0.208333333333333,0.208333333333333
1982,"Trouble Funk","Drop the Bomb",0.240384615384615,0.278846153846154,0.240384615384615,0.240384615384615
1983,"Whodini","Whodini",0.2421875,0.3203125,0.2109375,0.2265625
1983,"Afrika Bambaataa","Death Mix Live!!!",0.233870967741935,0.330645161290323,0.233870967741935,0.201612903225806
1983,"Red Alert","We've Got the Power",0.268115942028986,0.22463768115942,0.210144927536232,0.297101449275362
1984,"Run-D.M.C.","Run-D.M.C.",0.256578947368421,0.30921052631579,0.177631578947368,0.256578947368421
1984,"Whodini","Escape",0.23134328358209,0.350746268656716,0.186567164179104,0.23134328358209
1984,"The Fat Boys","Fat Boys",0.210144927536232,0.384057971014493,0.22463768115942,0.181159420289855
1984,"Grandmaster Melle Mel","Grandmaster Melle Mel and the Furious Five",0.23134328358209,0.365671641791045,0.216417910447761,0.186567164179104
1984,"Kurtis Blow","Ego Trip",0.2265625,0.3203125,0.2578125,0.1953125
1984,"The Last Poets","Oh My People",0.2109375,0.2109375,0.2890625,0.2890625
1984,"Newcleus","Jam on Revenge",0.192307692307692,0.376923076923077,0.223076923076923,0.207692307692308
1985,"Run-D.M.C.","King of Rock",0.23972602739726,0.308219178082192,0.171232876712329,0.280821917808219
1985,"LL Cool J","Radio",0.243421052631579,0.269736842105263,0.177631578947368,0.30921052631579
1985,"Mantronix","Mantronix: The Album",0.2265625,0.3046875,0.2265625,0.2421875
1985,"Grandmaster Flash","They Said It Couldn't Be Done",0.25,0.321428571428571,0.207142857142857,0.221428571428571
1985,"U.T.F.O.","UTFO",0.254385964912281,0.271929824561404,0.219298245614035,0.254385964912281
1985,"Newcleus","Space Is the Place",0.192307692307692,0.361538461538462,0.238461538461538,0.207692307692308
1985,"Bad Boys Blue","Hot Girls, Bad Boys",0.231481481481481,0.287037037037037,0.25,0.231481481481481
1986,"Beastie Boys","Licensed to Ill",0.292207792207792,0.318181818181818,0.175324675324675,0.214285714285714
1986,"Run-D.M.C.","Raising Hell",0.246268656716418,0.305970149253731,0.186567164179104,0.261194029850746
1986,"Kool Moe Dee","Kool Moe Dee",0.2109375,0.2890625,0.2265625,0.2734375
1986,"Afrika Bambaataa","Planet Rock: The Album",0.237704918032787,0.237704918032787,0.270491803278689,0.254098360655738
1986,"The 2 Live Crew","The 2 Live Crew Is What We Are",0.307142857142857,0.235714285714286,0.178571428571429,0.278571428571429
1986,"Grandmaster Flash","The Source",0.227941176470588,0.257352941176471,0.227941176470588,0.286764705882353
1986,"Whodini","Back in Black",0.23134328358209,0.335820895522388,0.186567164179104,0.246268656716418
1986,"Salt-N-Pepa","Hot, Cool & Vicious",0.2578125,0.2734375,0.2265625,0.2421875
1986,"Afrika Bambaataa","Beware (The Funk Is Everywhere)",0.271929824561404,0.236842105263158,0.254385964912281,0.236842105263158
1986,"Stetsasonic","On Fire",0.246268656716418,0.32089552238806,0.23134328358209,0.201492537313433
1986,"Kurtis Blow","Kingdom Blow",0.281818181818182,0.263636363636364,0.227272727272727,0.227272727272727
1986,"Schoolly D","Schoolly D",0.286885245901639,0.254098360655738,0.204918032786885,0.254098360655738
1986,"The Fat Boys","Brrr Watch 'em!",0.235849056603774,0.292452830188679,0.235849056603774,0.235849056603774
1986,"The Force M.D.'s","Chillin'",0.232758620689655,0.25,0.301724137931034,0.21551724137931
1986,"Rondò Veneziano","Concerto Futurissimo",0.223214285714286,0.223214285714286,0.3125,0.241071428571429
1986,"U.T.F.O.","Skeezer Pleezer",0.267241379310345,0.267241379310345,0.21551724137931,0.25
1986,"Whistle","Whistle",0.21551724137931,0.232758620689655,0.336206896551724,0.21551724137931
1986,"Doug E. Fresh & the Get Fresh Crew","Oh, My God!",0.258333333333333,0.325,0.208333333333333,0.208333333333333
1987,"Boogie Down Productions","Criminal Minded",0.237704918032787,0.204918032786885,0.254098360655738,0.30327868852459
1987,"LL Cool J","Bigger & Deffer",0.21830985915493,0.26056338028169,0.204225352112676,0.316901408450704
1987,"Public Enemy","Yo! Bum Rush the Show",0.25,0.173076923076923,0.198717948717949,0.378205128205128
1987,"Eric B. & Rakim","Paid in Full",0.25,0.222972972972973,0.277027027027027,0.25
1987,"The 2 Live Crew","Move Somethin'",0.297101449275362,0.239130434782609,0.181159420289855,0.282608695652174
1987,"Ice-T","Rhyme Pays",0.2109375,0.2109375,0.2265625,0.3515625
1987,"Kool Moe Dee","How Ya Like Me Now",0.254098360655738,0.30327868852459,0.204918032786885,0.237704918032787
1987,"Grandmaster Flash","Ba-Dop-Boom-Bang",0.235714285714286,0.25,0.25,0.264285714285714
1987,"N.W.A","N.W.A and the Posse",0.241666666666667,0.225,0.208333333333333,0.325
1987,"DJ Jazzy Jeff & the Fresh Prince","Rock the House",0.221311475409836,0.352459016393443,0.204918032786885,0.221311475409836
1987,"Heavy D & the Boyz","Living Large",0.228813559322034,0.296610169491525,0.26271186440678,0.211864406779661
1987,"Schoolly D","Saturday Night! The Album",0.2578125,0.2265625,0.2109375,0.3046875
1987,"Dana Dane","Dana Dane with Fame",0.223214285714286,0.3125,0.241071428571429,0.223214285714286
1987,"Spoonie Gee","The Godfather of Rap",0.272058823529412,0.345588235294118,0.198529411764706,0.183823529411765
1987,"Masters of Ceremony","Dynamite",0.2578125,0.2578125,0.2578125,0.2265625
1987,"U.T.F.O.","Lethal",0.267241379310345,0.28448275862069,0.21551724137931,0.232758620689655
1987,"Bad Boys Blue","Love Is No Crime",0.231481481481481,0.287037037037037,0.25,0.231481481481481
1987,"Bad Boys Blue","Heart Beat",0.231481481481481,0.287037037037037,0.25,0.231481481481481
1988,"Public Enemy","It Takes a Nation of Millions to Hold Us Back",0.196428571428571,0.196428571428571,0.232142857142857,0.375
1988,"N.W.A","Straight Outta Compton",0.237179487179487,0.198717948717949,0.173076923076923,0.391025641025641
1988,"DJ Jazzy Jeff & the Fresh Prince","He's the DJ, I'm the Rapper",0.2265625,0.3828125,0.1953125,0.1953125
1988,"EPMD","Strictly Business",0.257352941176471,0.272058823529412,0.242647058823529,0.227941176470588
1988,"Eazy-E","Eazy-Duz-It",0.275,0.241666666666667,0.208333333333333,0.275
1988,"Run-D.M.C.","Tougher Than Leather",0.269230769230769,0.330769230769231,0.192307692307692,0.207692307692308
1988,"Too $hort","Life Is... Too $hort",0.362903225806452,0.201612903225806,0.217741935483871,0.217741935483871
1988,"Slick Rick","The Great Adventures of Slick Rick",0.26,0.313333333333333,0.18,0.246666666666667
1988,"Biz Markie","Goin' Off",0.237704918032787,0.352459016393443,0.204918032786885,0.204918032786885
1988,"Boogie Down Productions","By All Means Necessary",0.227941176470588,0.198529411764706,0.257352941176471,0.316176470588235
1988,"Sir Mix-A-Lot","Swass",0.282258064516129,0.314516129032258,0.201612903225806,0.201612903225806
1988,"Jungle Brothers","Straight Out the Jungle",0.217741935483871,0.298387096774194,0.282258064516129,0.201612903225806
1988,"Eric B. & Rakim","Follow the Leader",0.239130434782609,0.253623188405797,0.195652173913043,0.311594202898551
1988,"Ice-T","Power",0.242647058823529,0.213235294117647,0.183823529411765,0.360294117647059
1988,"Big Daddy Kane","Long Live the Kane",0.28448275862069,0.21551724137931,0.21551724137931,0.28448275862069
1988,"MC Hammer","Let's Get It Started",0.261904761904762,0.341269841269841,0.198412698412698,0.198412698412698
1988,"MC Lyte","Lyte as a Rock",0.240384615384615,0.240384615384615,0.278846153846154,0.240384615384615
1988,"Grandmaster Flash","On the Strength",0.220238095238095,0.303571428571429,0.279761904761905,0.196428571428571
1988,"Salt-N-Pepa","A Salt with a Deadly Pepa",0.234848484848485,0.310606060606061,0.234848484848485,0.21969696969697
1988,"Ultramagnetic MC's","Critical Beatdown",0.246031746031746,0.293650793650794,0.198412698412698,0.261904761904762
1988,"Stetsasonic","In Full Gear",0.238461538461538,0.361538461538462,0.207692307692308,0.192307692307692
1988,"DJ Magic Mike","Bass Is the Name of the Game",0.267241379310345,0.28448275862069,0.232758620689655,0.21551724137931
1988,"Geto Boys","Making Trouble",0.253846153846154,0.192307692307692,0.223076923076923,0.330769230769231
1988,"Marley Marl","In Control, Vol. 1",0.253846153846154,0.3,0.192307692307692,0.253846153846154
1988,"Audio Two","What More Can I Say?",0.263636363636364,0.263636363636364,0.245454545454545,0.227272727272727
1988,"Chubb Rock","Chubb Rock Featuring Hitman Howie Tee",0.232758620689655,0.336206896551724,0.21551724137931,0.21551724137931
1988,"Sparky D","This Is Sparky D's World",0.253846153846154,0.3,0.207692307692308,0.238461538461538
1988,"Kid 'N Play","2 Hype",0.2421875,0.3203125,0.2421875,0.1953125
1988,"Afrika Bambaataa","The Light",0.268518518518519,0.268518518518519,0.231481481481481,0.231481481481481
1988,"Rob Base & DJ E-Z Rock","It Takes Two",0.28448275862069,0.28448275862069,0.21551724137931,0.21551724137931
1988,"DJ Magic Mike","Vicious Bass",0.246031746031746,0.357142857142857,0.198412698412698,0.198412698412698
1988,"Schoolly D","Smoke Some Kill",0.258333333333333,0.208333333333333,0.225,0.308333333333333
1988,"L'Trimm","Grab It!",0.21551724137931,0.353448275862069,0.21551724137931,0.21551724137931
1988,"Doug E. Fresh & the Get Fresh Crew","The World's Greatest Entertainer",0.23015873015873,0.341269841269841,0.198412698412698,0.23015873015873
1988,"Gucci Crew II","So Def, So Fresh, So Stupid",0.267241379310345,0.28448275862069,0.21551724137931,0.232758620689655
1988,"Christian Marclay","More Encores: Christian Marclay Plays With the Records Of...",0.240384615384615,0.259615384615385,0.240384615384615,0.259615384615385
1988,"Vicious Base","Back to Haunt You! [Cheetah]",0.276785714285714,0.276785714285714,0.223214285714286,0.223214285714286
1988,"DJ Magic Mike & The Royal Posse","DJ Magic Mike and the Royal Posse",0.277777777777778,0.325396825396825,0.198412698412698,0.198412698412698
1989,"Beastie Boys","Paul's Boutique",0.25,0.310606060606061,0.25,0.189393939393939
1989,"Biz Markie","The Biz Never Sleeps",0.22463768115942,0.41304347826087,0.181159420289855,0.181159420289855
1989,"LL Cool J","Walking with a Panther",0.261194029850746,0.291044776119403,0.201492537313433,0.246268656716418
1989,"Ice-T","The Iceberg: Freedom of Speech... Just Watch What You Say",0.207142857142857,0.207142857142857,0.221428571428571,0.364285714285714
1989,"Boogie Down Productions","Ghetto Music: The Blueprint of Hip Hop",0.217741935483871,0.201612903225806,0.25,0.330645161290323
1989,"The 2 Live Crew","As Nasty as They Wanna Be",0.280821917808219,0.253424657534247,0.171232876712329,0.294520547945205
1989,"Sir Mix-A-Lot","Seminar",0.25,0.330645161290323,0.201612903225806,0.217741935483871
1989,"Young MC","Stone Cold Rhymin'",0.216417910447761,0.380597014925373,0.201492537313433,0.201492537313433
1989,"3rd Bass","The Cactus Album",0.2578125,0.2734375,0.2109375,0.2578125
1989,"EPMD","Unfinished Business",0.246268656716418,0.291044776119403,0.216417910447761,0.246268656716418
1989,"Big Daddy Kane","It's a Big Daddy Thing",0.267241379310345,0.21551724137931,0.21551724137931,0.301724137931034
1989,"Heavy D & the Boyz","Big Tyme",0.241666666666667,0.325,0.225,0.208333333333333
1989,"Gang Starr","No More Mr. Nice Guy",0.213235294117647,0.198529411764706,0.404411764705882,0.183823529411765
1989,"Too $hort","Born to Mack",0.276785714285714,0.258928571428571,0.223214285714286,0.241071428571429
1989,"Queen Latifah","All Hail the Queen",0.2421875,0.2421875,0.2734375,0.2421875
1989,"Geto Boys","Grip It! On That Other Level",0.204918032786885,0.204918032786885,0.237704918032787,0.352459016393443
1989,"The 2 Live Crew","As Clean as They Wanna Be",0.282258064516129,0.282258064516129,0.217741935483871,0.217741935483871
1989,"Jungle Brothers","Done by the Forces of Nature",0.214285714285714,0.30952380952381,0.261904761904762,0.214285714285714
1989,"De La Soul","3 Feet High and Rising",0.201492537313433,0.425373134328358,0.186567164179104,0.186567164179104
1989,"DJ Jazzy Jeff & the Fresh Prince","And in This Corner...",0.232758620689655,0.336206896551724,0.21551724137931,0.21551724137931
1989,"MC Lyte","Eyes on This",0.240384615384615,0.259615384615385,0.240384615384615,0.259615384615385
1989,"Kool G Rap & DJ Polo","Road to the Riches",0.261194029850746,0.201492537313433,0.23134328358209,0.305970149253731
1989,"Kool Moe Dee","Knowledge Is King",0.258333333333333,0.258333333333333,0.208333333333333,0.275
1989,"Tone-Loc","Loc-ed After Dark",0.325757575757576,0.265151515151515,0.21969696969697,0.189393939393939
1989,"Chubb Rock","And the Winner Is...",0.232758620689655,0.336206896551724,0.21551724137931,0.21551724137931
1989,"Kwamé","Kwamé the Boy Genius: Featuring a New Beginning",0.235849056603774,0.235849056603774,0.292452830188679,0.235849056603774
1989,"The D.O.C.","No One Can Do It Better",0.253846153846154,0.192307692307692,0.207692307692308,0.346153846153846
1989,"Schoolly D","Am I Black Enough for You?",0.258333333333333,0.208333333333333,0.225,0.308333333333333
1989,"Wreckx-N-Effect","Wrecks-N-Effect",0.295454545454545,0.310606060606061,0.189393939393939,0.204545454545455
1989,"The Last Poets","Freedom Express",0.2109375,0.2109375,0.2890625,0.2890625
1989,"Special Ed","Youngest in Charge",0.1953125,0.3828125,0.2109375,0.2109375
1989,"Rob Base","The Incredible Base",0.271929824561404,0.289473684210526,0.219298245614035,0.219298245614035
1989,"Gucci Crew II","What Time Is It? It's Gucci Time",0.267241379310345,0.28448275862069,0.21551724137931,0.232758620689655
1989,"Gucci Crew II","Everybody Wants Some",0.267241379310345,0.28448275862069,0.21551724137931,0.232758620689655
1989,"Kon Kan","Move to Move",0.231481481481481,0.25,0.287037037037037,0.231481481481481
1989,"Black, Rock & Ron","Stop the World",0.217741935483871,0.266129032258065,0.25,0.266129032258065
1989,"U.T.F.O.","Doin' It!",0.254385964912281,0.271929824561404,0.219298245614035,0.254385964912281
1989,"The Arabian Prince","Brother Arab",0.259615384615385,0.240384615384615,0.240384615384615,0.259615384615385
1989,"Oaktown's 357","Wild & Loose",0.254385964912281,0.307017543859649,0.219298245614035,0.219298245614035
1989,"Bad Boys Blue","My Blue World",0.231481481481481,0.287037037037037,0.25,0.231481481481481
1990,"A Tribe Called Quest","People's Instinctive Travels and the Paths of Rhythm",0.195652173913043,0.369565217391304,0.22463768115942,0.210144927536232
1990,"LL Cool J","Mama Said Knock You Out",0.22463768115942,0.268115942028986,0.195652173913043,0.311594202898551
1990,"Ice Cube","AmeriKKKa's Most Wanted",0.23134328358209,0.216417910447761,0.201492537313433,0.350746268656716
1990,"Public Enemy","Fear of a Black Planet",0.23972602739726,0.184931506849315,0.23972602739726,0.335616438356164
1990,"MC Hammer","Please Hammer, Don't Hurt 'Em",0.234848484848485,0.356060606060606,0.204545454545455,0.204545454545455
1990,"Salt-N-Pepa","Blacks' Magic",0.254098360655738,0.254098360655738,0.254098360655738,0.237704918032787
1990,"Run-D.M.C.","Back from Hell",0.227272727272727,0.263636363636364,0.245454545454545,0.263636363636364
1990,"Digital Underground","Sex Packets",0.237704918032787,0.352459016393443,0.204918032786885,0.204918032786885
1990,"Paris","The Devil Made Me Do It",0.193333333333333,0.193333333333333,0.233333333333333,0.38
1990,"Brand Nubian","One for All",0.271929824561404,0.236842105263158,0.271929824561404,0.219298245614035
1990,"EPMD","Business as Usual",0.288732394366197,0.21830985915493,0.232394366197183,0.26056338028169
1990,"Geto Boys","The Geto Boys",0.190140845070423,0.176056338028169,0.204225352112676,0.429577464788732
1990,"Too $hort","Short Dog's in the House",0.314516129032258,0.217741935483871,0.217741935483871,0.25
1990,"Luke","Banned in the U.S.A.: The Luke LP",0.284722222222222,0.243055555555556,0.1875,0.284722222222222
1990,"Stereo MC's","Supernatural",0.198412698412698,0.293650793650794,0.277777777777778,0.23015873015873
1990,"Big Daddy Kane","Taste of Chocolate",0.258928571428571,0.241071428571429,0.223214285714286,0.276785714285714
1990,"Boogie Down Productions","Edutainment",0.23015873015873,0.214285714285714,0.246031746031746,0.30952380952381
1990,"Vanilla Ice","To the Extreme",0.232758620689655,0.28448275862069,0.25,0.232758620689655
1990,"Eric B. & Rakim","Let the Rhythm Hit 'Em",0.241666666666667,0.258333333333333,0.208333333333333,0.291666666666667
1990,"Kwamé","A Day in the Life: A Pokadelick Adventure",0.231481481481481,0.25,0.287037037037037,0.231481481481481
1990,"Everlast","Forever Everlasting",0.245762711864407,0.279661016949153,0.245762711864407,0.228813559322034
1990,"3rd Bass","Cactus Revisited",0.296610169491525,0.279661016949153,0.211864406779661,0.211864406779661
1990,"Kool G Rap & DJ Polo","Wanted: Dead or Alive",0.214285714285714,0.246031746031746,0.261904761904762,0.277777777777778
1990,"Mantronix","This Should Move Ya",0.21551724137931,0.318965517241379,0.232758620689655,0.232758620689655
1990,"The 2 Live Crew","Live in Concert",0.291666666666667,0.275,0.208333333333333,0.225
1990,"Kid Frost","Hispanic Causing Panic",0.275,0.241666666666667,0.241666666666667,0.241666666666667
1990,"Urban Dance Squad","Mental Floss for the Globe",0.235849056603774,0.292452830188679,0.235849056603774,0.235849056603774
1990,"Poor Righteous Teachers","Holy Intellect",0.235849056603774,0.235849056603774,0.273584905660377,0.254716981132075
1990,"Above the Law","Livin' Like Hustlers",0.232758620689655,0.21551724137931,0.267241379310345,0.28448275862069
1990,"Kid 'N Play","Kid 'n Play's Funhouse",0.2109375,0.3359375,0.2421875,0.2109375
1990,"Compton's Most Wanted","It's a Compton Thang",0.308333333333333,0.225,0.208333333333333,0.258333333333333
1990,"X Clan","To the East, Blackwards",0.232758620689655,0.21551724137931,0.232758620689655,0.318965517241379
1990,"Audio Two","I Don't Care: The Album",0.263636363636364,0.281818181818182,0.227272727272727,0.227272727272727
1990,"Masta Ace","Take a Look Around",0.271929824561404,0.236842105263158,0.254385964912281,0.236842105263158
1990,"Lord Finesse","Funky Technician",0.222972972972973,0.277027027027027,0.277027027027027,0.222972972972973
1990,"Awesome 2","The Awesome 2 Present: The History of Rap, Vol. 1",0.23015873015873,0.357142857142857,0.214285714285714,0.198412698412698
1990,"Kid 'N Play","House Party [Original Soundtrack]",0.235849056603774,0.292452830188679,0.235849056603774,0.235849056603774
1990,"Intelligent Hoodlum","Intelligent Hoodlum",0.216417910447761,0.216417910447761,0.276119402985075,0.291044776119403
1990,"Afros","Kickin' Afrolistics",0.219298245614035,0.324561403508772,0.236842105263158,0.219298245614035
1990,"DJ Kool","The Music Ain't Loud Enuff",0.26271186440678,0.313559322033898,0.211864406779661,0.211864406779661
1990,"The Genius","Words from the Genius",0.25,0.231481481481481,0.231481481481481,0.287037037037037
1990,"Betty Boo","Boomania",0.217741935483871,0.362903225806452,0.217741935483871,0.201612903225806
1990,"Poison Clan","2 Low Life Muthas",0.28448275862069,0.25,0.21551724137931,0.25
1990,"D-Nice","Call Me D-Nice",0.25,0.25,0.232758620689655,0.267241379310345
1990,"2 Live Jews","As Kosher as They Wanna Be",0.223214285714286,0.294642857142857,0.241071428571429,0.241071428571429
1990,"Esham","Boomin' Words from Hell",0.217741935483871,0.217741935483871,0.266129032258065,0.298387096774194
1990,"JVC Force","Force Field",0.21551724137931,0.267241379310345,0.301724137931034,0.21551724137931
1990,"Gucci Crew II","G4",0.267241379310345,0.28448275862069,0.21551724137931,0.232758620689655
1990,"Sway & King Tech","Concrete Jungle",0.235849056603774,0.235849056603774,0.292452830188679,0.235849056603774
1990,"Bad Boys Blue","Game of Love",0.231481481481481,0.287037037037037,0.25,0.231481481481481
1990,"DJ Red Alert","Let's Make It Happen III",0.287037037037037,0.25,0.231481481481481,0.231481481481481
1991,"Ice Cube","Death Certificate",0.228813559322034,0.211864406779661,0.228813559322034,0.330508474576271
1991,"Scarface","Mr. Scarface Is Back",0.25,0.201612903225806,0.217741935483871,0.330645161290323
1991,"Cypress Hill","Cypress Hill",0.273333333333333,0.233333333333333,0.22,0.273333333333333
1991,"Public Enemy","Apocalypse 91...The Enemy Strikes Black",0.1875,0.173611111111111,0.215277777777778,0.423611111111111
1991,"A Tribe Called Quest","The Low End Theory",0.223076923076923,0.330769230769231,0.238461538461538,0.207692307692308
1991,"Del the Funky Homosapien","I Wish My Brother George Was Here",0.223076923076923,0.269230769230769,0.315384615384615,0.192307692307692
1991,"N.W.A","Niggaz4life",0.241666666666667,0.225,0.208333333333333,0.325
1991,"Master P","Get Away Clean",0.267241379310345,0.232758620689655,0.21551724137931,0.28448275862069
1991,"Naughty by Nature","Naughty by Nature",0.2890625,0.2890625,0.1953125,0.2265625
1991,"DJ Jazzy Jeff & the Fresh Prince","Homebase",0.236842105263158,0.324561403508772,0.219298245614035,0.219298245614035
1991,"MC Hammer","Too Legit to Quit",0.22463768115942,0.340579710144928,0.22463768115942,0.210144927536232
1991,"Ice-T","O.G. Original Gangster",0.23134328358209,0.186567164179104,0.201492537313433,0.380597014925373
1991,"2Pac","2Pacalypse Now",0.21551724137931,0.21551724137931,0.25,0.318965517241379
1991,"Geto Boys","We Can't Be Stopped",0.243055555555556,0.173611111111111,0.201388888888889,0.381944444444444
1991,"Gang Starr","Step in the Arena",0.21969696969697,0.204545454545455,0.356060606060606,0.21969696969697
1991,"Heavy D & the Boyz","Peaceful Journey",0.241666666666667,0.291666666666667,0.258333333333333,0.208333333333333
1991,"P.M. Dawn","Of the Heart, Of the Soul and of the Cross: The Utopian Experience",0.223214285714286,0.223214285714286,0.330357142857143,0.223214285714286
1991,"Digital Underground","Sons of the P",0.228813559322034,0.347457627118644,0.211864406779661,0.211864406779661
1991,"Main Source","Breaking Atoms",0.21551724137931,0.25,0.28448275862069,0.25
1991,"MC Lyte","Act Like You Know",0.240384615384615,0.240384615384615,0.278846153846154,0.240384615384615
1991,"DJ Quik","Quik Is the Name",0.254385964912281,0.236842105263158,0.236842105263158,0.271929824561404
1991,"Leaders of the New School","A Future Without a Past...",0.227272727272727,0.3,0.245454545454545,0.227272727272727
1991,"Biz Markie","I Need a Haircut",0.254385964912281,0.307017543859649,0.219298245614035,0.219298245614035
1991,"Slick Rick","The Ruler's Back",0.30952380952381,0.214285714285714,0.198412698412698,0.277777777777778
1991,"Disney","For Our Children",0.227272727272727,0.245454545454545,0.3,0.227272727272727
1991,"Kool Moe Dee","Funke Funke Wisdom",0.258333333333333,0.275,0.208333333333333,0.258333333333333
1991,"MC Breed","MC Breed & DFC",0.273584905660377,0.254716981132075,0.235849056603774,0.235849056603774
1991,"Boogie Down Productions","Live Hardcore Worldwide",0.245762711864407,0.211864406779661,0.26271186440678,0.279661016949153
1991,"Freestyle Fellowship","To Whom It May Concern...",0.263636363636364,0.263636363636364,0.245454545454545,0.227272727272727
1991,"Stetsasonic","Blood, Sweat & No Tears",0.238461538461538,0.361538461538462,0.207692307692308,0.192307692307692
1991,"Whodini","Bag-A-Trix",0.25,0.301724137931034,0.21551724137931,0.232758620689655
1991,"Queen Latifah","Nature of a Sista",0.217741935483871,0.233870967741935,0.298387096774194,0.25
1991,"The 2 Live Crew","Sports Weekend: As Nasty as They Wanna Be, Pt. 2",0.257352941176471,0.242647058823529,0.227941176470588,0.272058823529412
1991,"3rd Bass","Derelicts of Dialect",0.284615384615385,0.253846153846154,0.207692307692308,0.253846153846154
1991,"MC Solaar","Qui Seme le Vent Recolte le Tempo",0.268518518518519,0.231481481481481,0.268518518518519,0.231481481481481
1991,"De La Soul","De La Soul Is Dead",0.2109375,0.3671875,0.1953125,0.2265625
1991,"The Fat Boys","Mack Daddy",0.245454545454545,0.281818181818182,0.227272727272727,0.245454545454545
1991,"Arthur Baker","Give in to the Rhythm",0.21551724137931,0.318965517241379,0.25,0.21551724137931
1991,"Big Daddy Kane","Prince of Darkness",0.307017543859649,0.219298245614035,0.219298245614035,0.254385964912281
1991,"Schoolly D","How a Black Man Feels",0.241666666666667,0.208333333333333,0.225,0.325
1991,"El General","Muevelo Con El General",0.221311475409836,0.368852459016393,0.204918032786885,0.204918032786885
1991,"Chubb Rock","The One",0.267241379310345,0.301724137931034,0.21551724137931,0.21551724137931
1991,"Tone-Loc","Cool Hand Loc",0.28030303030303,0.28030303030303,0.21969696969697,0.21969696969697
1991,"Die Fantastischen Vier","Jetzt Geht's Ab",0.245098039215686,0.245098039215686,0.264705882352941,0.245098039215686
1991,"Black Sheep","A Wolf in Sheep's Clothing",0.238461538461538,0.361538461538462,0.207692307692308,0.192307692307692
1991,"Young MC","Brainstorm",0.245762711864407,0.245762711864407,0.296610169491525,0.211864406779661
1991,"The 2 Live Crew","Sports Weekend: As Clean as They Wanna Be, Pt. 2",0.291666666666667,0.275,0.225,0.208333333333333
1991,"Mantronix","The Incredible Sound Machine",0.228813559322034,0.313559322033898,0.228813559322034,0.228813559322034
1991,"DJ Magic Mike","Ain't No Doubt About It",0.261904761904762,0.341269841269841,0.198412698412698,0.198412698412698
1991,"Dream Warriors","And Now, The Legacy Begins",0.225,0.308333333333333,0.258333333333333,0.208333333333333
1991,"Ed O.G & da Bulldogs","Life of a Kid in the Ghetto",0.253246753246753,0.266233766233766,0.253246753246753,0.227272727272727
1991,"Poor Righteous Teachers","Pure Poverty",0.235849056603774,0.235849056603774,0.273584905660377,0.254716981132075
1991,"Definition of Sound","Love and Life: A Journey with the Chameleons",0.245098039215686,0.245098039215686,0.245098039215686,0.264705882352941
1991,"Son of Bazerk","Bazerk Bazerk Bazerk",0.25,0.28448275862069,0.21551724137931,0.25
1991,"Lord Finesse","Return of the Funky Man",0.215277777777778,0.243055555555556,0.298611111111111,0.243055555555556
1991,"Trinere","Forever Yours",0.21551724137931,0.301724137931034,0.267241379310345,0.21551724137931
1991,"Yo-Yo","Make Way for the Motherlode",0.254385964912281,0.236842105263158,0.254385964912281,0.254385964912281
1991,"Marley Marl","In Control, Vol. 2",0.23015873015873,0.293650793650794,0.214285714285714,0.261904761904762
1991,"Kid 'N Play","Face the Nation",0.232758620689655,0.232758620689655,0.267241379310345,0.267241379310345
1991,"Rappin' 4-Tay","Rappin' 4-Tay Is Back",0.240384615384615,0.240384615384615,0.278846153846154,0.240384615384615
1991,"Compton's Most Wanted","Straight Checkn 'Em",0.296610169491525,0.228813559322034,0.211864406779661,0.26271186440678
1991,"D-Nice","To tha Rescue",0.25,0.267241379310345,0.25,0.232758620689655
1991,"5th Ward Boyz","Ghetto Dope",0.289473684210526,0.219298245614035,0.236842105263158,0.254385964912281
1991,"El General","Estas Buena",0.237704918032787,0.352459016393443,0.204918032786885,0.204918032786885
1991,"2 Live Jews","Fiddling with Tradition",0.240384615384615,0.278846153846154,0.240384615384615,0.240384615384615
1991,"Techmaster P.E.B.","Bass Computer",0.219298245614035,0.219298245614035,0.342105263157895,0.219298245614035
1992,"Beastie Boys","Check Your Head",0.266129032258065,0.314516129032258,0.217741935483871,0.201612903225806
1992,"Ice Cube","The Predator",0.2578125,0.1953125,0.2109375,0.3359375
1992,"Pete Rock & C.L. Smooth","Mecca and the Soul Brother",0.2109375,0.2265625,0.3515625,0.2109375
1992,"Dr. Dre","The Chronic",0.253246753246753,0.266233766233766,0.201298701298701,0.279220779220779
1992,"The Pharcyde","Bizarre Ride II the Pharcyde",0.245762711864407,0.330508474576271,0.211864406779661,0.211864406779661
1992,"Master P","Mama's Bad Boy",0.294642857142857,0.223214285714286,0.223214285714286,0.258928571428571
1992,"Redman","Whut? Thee Album",0.245454545454545,0.3,0.227272727272727,0.227272727272727
1992,"Sir Mix-A-Lot","Mack Daddy",0.261904761904762,0.325396825396825,0.198412698412698,0.214285714285714
1992,"Common","Can I Borrow a Dollar?",0.276785714285714,0.258928571428571,0.241071428571429,0.223214285714286
1992,"Insane Clown Posse","Carnival of Carnage",0.201492537313433,0.201492537313433,0.201492537313433,0.395522388059701
1992,"Gang Starr","Daily Operation",0.21969696969697,0.21969696969697,0.310606060606061,0.25
1992,"Too $hort","Shorty the Pimp",0.286885245901639,0.204918032786885,0.221311475409836,0.286885245901639
1992,"Das EFX","Dead Serious",0.266129032258065,0.266129032258065,0.266129032258065,0.201612903225806
1992,"Body Count","Body Count",0.215277777777778,0.173611111111111,0.173611111111111,0.4375
1992,"EPMD","Business Never Personal",0.282258064516129,0.201612903225806,0.25,0.266129032258065
1992,"Paris","Sleeping with the Enemy",0.223076923076923,0.192307692307692,0.223076923076923,0.361538461538462
1992,"House of Pain","House of Pain",0.268115942028986,0.210144927536232,0.210144927536232,0.311594202898551
1992,"Eric B. & Rakim","Don't Sweat the Technique",0.258333333333333,0.208333333333333,0.208333333333333,0.325
1992,"Arrested Development","3 Years, 5 Months & 2 Days in the Life Of...",0.201612903225806,0.282258064516129,0.314516129032258,0.201612903225806
1992,"Boogie Down Productions","Sex and Violence",0.211864406779661,0.211864406779661,0.279661016949153,0.296610169491525
1992,"The Disposable Heroes of Hiphoprisy","Hypocrisy Is the Greatest Luxury",0.233870967741935,0.201612903225806,0.217741935483871,0.346774193548387
1992,"Betty Boo","Grrr! It's Betty Boo",0.195945945945946,0.425675675675676,0.209459459459459,0.168918918918919
1992,"DJ Quik","Way 2 Fonky",0.267241379310345,0.232758620689655,0.232758620689655,0.267241379310345
1992,"Grand Puba","Reel to Reel",0.235849056603774,0.235849056603774,0.292452830188679,0.235849056603774
1992,"MC Ren","Kizz My Black Azz",0.28448275862069,0.21551724137931,0.21551724137931,0.28448275862069
1992,"Luke","I Got S--t on My Mind",0.258928571428571,0.258928571428571,0.223214285714286,0.258928571428571
1992,"Fu-Schnickens","F.U. Don't Take It Personal",0.241666666666667,0.341666666666667,0.208333333333333,0.208333333333333
1992,"MC Breed","20 Below",0.292452830188679,0.235849056603774,0.235849056603774,0.235849056603774
1992,"Die Fantastischen Vier","Vier Gewinnt",0.231481481481481,0.25,0.287037037037037,0.231481481481481
1992,"Chubb Rock","I Gotta Get Mine Yo!",0.25,0.318965517241379,0.21551724137931,0.21551724137931
1992,"Wreckx-N-Effect","Hard or Smooth",0.3,0.269230769230769,0.192307692307692,0.238461538461538
1992,"Bushwick Bill","Little Big Man",0.228813559322034,0.245762711864407,0.26271186440678,0.26271186440678
1992,"Kool G Rap & DJ Polo","Live and Let Die",0.210144927536232,0.181159420289855,0.22463768115942,0.384057971014493
1992,"The Last Poets","Retro Fit",0.210144927536232,0.210144927536232,0.268115942028986,0.311594202898551
1992,"Kris Kross","Totally Krossed Out",0.2421875,0.3203125,0.1953125,0.2421875
1992,"Yo-Yo","Black Pearl",0.236842105263158,0.254385964912281,0.254385964912281,0.254385964912281
1992,"Ultramagnetic MC's","Funk Your Head Up",0.241666666666667,0.258333333333333,0.208333333333333,0.291666666666667
1992,"Esham","Judgement Day, Vol. 1",0.245454545454545,0.227272727272727,0.245454545454545,0.281818181818182
1992,"El General","El Poder de el General",0.237704918032787,0.352459016393443,0.204918032786885,0.204918032786885
1992,"Luke","I Got Sumthin' on My Mind",0.258928571428571,0.258928571428571,0.223214285714286,0.258928571428571
1992,"Diamond D","Stunts, Blunts & Hip-Hop",0.241666666666667,0.308333333333333,0.241666666666667,0.208333333333333
1992,"AMG","Bitch Betta Have My Money",0.265151515151515,0.310606060606061,0.204545454545455,0.21969696969697
1992,"Compton's Most Wanted","Music to Driveby",0.275,0.241666666666667,0.208333333333333,0.275
1992,"DJ Magic Mike","Twenty Degrees Below Zero",0.261904761904762,0.341269841269841,0.198412698412698,0.198412698412698
1992,"Showbiz & A.G.","Runaway Slave",0.23015873015873,0.357142857142857,0.214285714285714,0.198412698412698
1992,"Boss","Born Gangstaz",0.232758620689655,0.21551724137931,0.25,0.301724137931034
1992,"5th Ward Boyz","Gangsta Funk",0.307017543859649,0.219298245614035,0.219298245614035,0.254385964912281
1992,"Da Lench Mob","Guerillas in tha Mist",0.2421875,0.1953125,0.2109375,0.3515625
1992,"Luke","Bass Waves Compilation",0.258928571428571,0.258928571428571,0.223214285714286,0.258928571428571
1992,"Basehead","Play with Toys",0.223214285714286,0.294642857142857,0.258928571428571,0.223214285714286
1992,"Trinere","Trinere's in the House!",0.21551724137931,0.318965517241379,0.25,0.21551724137931
1992,"Spice 1","Spice 1",0.254385964912281,0.219298245614035,0.236842105263158,0.289473684210526
1992,"Audio Two","The First Dead Indian",0.245454545454545,0.281818181818182,0.245454545454545,0.227272727272727
1992,"MC Serch","Return of the Product",0.228813559322034,0.313559322033898,0.245762711864407,0.211864406779661
1992,"Esham","Judgement Day, Vol. 2",0.26271186440678,0.211864406779661,0.228813559322034,0.296610169491525
1992,"N2Deep","Back to the Hotel",0.258928571428571,0.294642857142857,0.223214285714286,0.223214285714286
1992,"Lighter Shade of Brown","Hip Hop Locos",0.240384615384615,0.240384615384615,0.278846153846154,0.240384615384615
1992,"Poison Clan","Poisonous Mentality",0.28448275862069,0.232758620689655,0.21551724137931,0.267241379310345
1992,"Frost","East Side Story",0.245098039215686,0.245098039215686,0.264705882352941,0.245098039215686
1992,"Natas","Life After Death",0.228813559322034,0.211864406779661,0.228813559322034,0.330508474576271
1992,"South Central Cartel","South Central Madness",0.281818181818182,0.227272727272727,0.227272727272727,0.263636363636364
1992,"Bass 305","Digital Bass",0.204918032786885,0.221311475409836,0.368852459016393,0.204918032786885
1992,"Dynamix II","You Hear It! You Fear It!",0.263636363636364,0.245454545454545,0.263636363636364,0.227272727272727
1992,"Bad Boys Blue","Super 20",0.231481481481481,0.287037037037037,0.25,0.231481481481481
1992,"Sister Souljah","360 Degrees of Power",0.219298245614035,0.219298245614035,0.219298245614035,0.342105263157895
1992,"Bust Down","Nasty Bitch, Chapter 1",0.267241379310345,0.28448275862069,0.21551724137931,0.232758620689655
1992,"Bad Boys Blue","Totally Bad Boys Blue",0.231481481481481,0.287037037037037,0.25,0.231481481481481
1992,"Kris Kross","A Totally Krossed Out World",0.225,0.358333333333333,0.208333333333333,0.208333333333333
1992,"Michael Peace","Threat to Society",0.231481481481481,0.268518518518519,0.268518518518519,0.231481481481481
1993,"Snoop Dogg","Doggystyle",0.26271186440678,0.26271186440678,0.26271186440678,0.211864406779661
1993,"Cypress Hill","Black Sunday",0.257352941176471,0.257352941176471,0.242647058823529,0.242647058823529
1993,"Ice-T","Home Invasion",0.21830985915493,0.204225352112676,0.190140845070423,0.387323943661972
1993,"Wu-Tang Clan","Enter the Wu-Tang (36 Chambers)",0.244047619047619,0.208333333333333,0.244047619047619,0.303571428571429
1993,"A Tribe Called Quest","Midnight Marauders",0.21830985915493,0.330985915492958,0.26056338028169,0.190140845070423
1993,"Ice Cube","Lethal Injection",0.237704918032787,0.254098360655738,0.204918032786885,0.30327868852459
1993,"Scarface","The World Is Yours",0.25,0.21551724137931,0.25,0.28448275862069
1993,"Naughty by Nature","19 Naughty III",0.25,0.282258064516129,0.201612903225806,0.266129032258065
1993,"Us3","Hand on the Torch",0.23015873015873,0.30952380952381,0.261904761904762,0.198412698412698
1993,"Digable Planets","Reachin' (A New Refutation of Time and Space)",0.189393939393939,0.310606060606061,0.310606060606061,0.189393939393939
1993,"LL Cool J","14 Shots to the Dome",0.198412698412698,0.325396825396825,0.23015873015873,0.246031746031746
1993,"Guru's Jazzmatazz","Jazzmatazz, Vol. 1",0.207692307692308,0.207692307692308,0.392307692307692,0.192307692307692
1993,"Run-D.M.C.","Down with the King",0.268518518518519,0.25,0.231481481481481,0.25
1993,"Salt-N-Pepa","Very Necessary",0.30327868852459,0.221311475409836,0.221311475409836,0.254098360655738
1993,"2Pac","Strictly 4 My N.I.G.G.A.Z.",0.268115942028986,0.210144927536232,0.181159420289855,0.340579710144928
1993,"P.M. Dawn","The Bliss Album...?",0.21551724137931,0.232758620689655,0.336206896551724,0.21551724137931
1993,"Mobb Deep","Juvenile Hell",0.204225352112676,0.190140845070423,0.246478873239437,0.359154929577465
1993,"Souls of Mischief","93 'Til Infinity",0.254385964912281,0.289473684210526,0.236842105263158,0.219298245614035
1993,"Funkdoobiest","Which Doobie U B?",0.219298245614035,0.289473684210526,0.271929824561404,0.219298245614035
1993,"Brand Nubian","In God We Trust",0.267241379310345,0.25,0.267241379310345,0.21551724137931
1993,"KRS-One","Return of the Boom Bap",0.263636363636364,0.245454545454545,0.245454545454545,0.245454545454545
1993,"Geto Boys","Till Death Do Us Part",0.236486486486486,0.182432432432432,0.195945945945946,0.385135135135135
1993,"Black Moon","Enta da Stage",0.294642857142857,0.223214285714286,0.258928571428571,0.223214285714286
1993,"Domino","Domino",0.258928571428571,0.223214285714286,0.294642857142857,0.223214285714286
1993,"DJ Jazzy Jeff & the Fresh Prince","Code Red",0.232758620689655,0.28448275862069,0.21551724137931,0.267241379310345
1993,"MC Breed","The New Breed",0.305555555555556,0.231481481481481,0.231481481481481,0.231481481481481
1993,"Das EFX","Straight Up Sewaside",0.236842105263158,0.289473684210526,0.219298245614035,0.254385964912281
1993,"Erick Sermon","No Pressure",0.246031746031746,0.261904761904762,0.23015873015873,0.261904761904762
1993,"Tha Alkaholiks","21 & Over",0.245762711864407,0.330508474576271,0.211864406779661,0.211864406779661
1993,"Digital Underground","The Body-Hat Syndrome",0.208333333333333,0.375,0.208333333333333,0.208333333333333
1993,"Luke","In the Nude",0.258928571428571,0.258928571428571,0.223214285714286,0.258928571428571
1993,"Fat Joe","Represent",0.2734375,0.2421875,0.2109375,0.2734375
1993,"Biz Markie","All Samples Cleared!",0.227272727272727,0.318181818181818,0.227272727272727,0.227272727272727
1993,"Queen Latifah","Black Reign",0.26271186440678,0.228813559322034,0.26271186440678,0.245762711864407
1993,"Monie Love","In a Word or 2",0.21551724137931,0.232758620689655,0.232758620689655,0.318965517241379
1993,"Too $hort","Get In Where You Fit In",0.277777777777778,0.214285714285714,0.23015873015873,0.277777777777778
1993,"DJ Magic Mike","This Is How It Should Be Done",0.28448275862069,0.28448275862069,0.21551724137931,0.21551724137931
1993,"Freestyle Fellowship","Inner City Griots",0.23015873015873,0.341269841269841,0.23015873015873,0.198412698412698
1993,"Masta Ace Incorporated","SlaughtaHouse",0.276785714285714,0.241071428571429,0.241071428571429,0.241071428571429
1993,"Leaders of the New School","T.I.M.E.",0.235849056603774,0.254716981132075,0.273584905660377,0.235849056603774
1993,"8Ball and MJG","Comin' Out Hard",0.292857142857143,0.235714285714286,0.207142857142857,0.264285714285714
